11111111111111111111111111111111111111111111111111111111111111111111111111111111111111111111111111111111111111111111111111111111
10000011110000011110000011110000011110000011110000011110000011110000011110000011110000011110000011110000011110000011110000011100
00000000000000000000000000000000000000000000000000000000000000000000000000000000000000000000000000000000000000000000000000000000
00000000000000000000000000000000000000000000000000000000000000000000000000000000000000000000000000000000000000000000000100000111
00011010000101101100100110111001011100111111111111011100101100110000011001011010110110110101010110110100101001100011100001110010
00001100010010011111011100010101101111001101000110110011011101101010010110010010100011111000111010001111101110000000101110000100
01101101001011111100000100110001100100000010100101000001111000001110011001010011110000011011001111010110001010011001011110101010
11110001100111011011111110001010100011000100101011111010110111011101110100000100001011000011001011101100011010011101111101100011
11001100101111010010100010100110001011101000101001110000001111000101010101011100000101100100101100101001110010001100110111010110
11011000101010011111110010101111001011001100111001000110011010010110101010101011110010010101101100111101101101000001111010100001
11000011001111011100001100110110101111110010010011110010110110101001001101111000011001010001001000010101011100011101100111010011
00101000010110101001111010101001000100100110111111011101000101001111001010010101111011001001111001101001001001011111000000110110
10100011110000001001001010111011111111010000011100001001000011111001101111111100010111010111001101000011001100111000010101101110
11101001001100110001011001011001110011001001011101001110100010111000001101100000010001111110010010111110001011100101001001111011
01100101111001100011110011110111000100110110110001000100100110101111010001110001101011010000110101001110011010001100000010101010
10000101000010110011111111110110011010011101001100010011001010000011110111010001110010000100000010001000100100110110011100000010
00010100110011110010100010111111111010111011000010010000110111011001100101001101010111000100110101011011101100100011101001100111
00100110111111100100101110010011011001101000111111111111001001010010100000111100011011010101110000011100100111011001101001101110
01001100101111110011000110001110101111001101101110000011111010101101111100100010111000011100110100011100000100010101110000010111
10011100110100111100101001000111001011100100010000101111011000001101000110110111101011111010011000010111101010000111000101110111
01101100110000011110001011010001001001110001111111100001001000111100001011001101111011000101001001000100111101001000111011010100
11100010110011111000100101100000111010101110110100001101100101000010010110100110001110111000110000111001001101000110111001000110
10010111010101110100101000110110101010010110011011110011001001111100110001100110010100000011100001010010011100010011111100011010
10110101111101100010101000110010001110001110011010111001010000011000010011110111111111110101101111000111000101010001111010111010
10110111001011111011000011001111000101001000101011110010111010001111000001100100110111100111010010110111110000111100011111001001
00100111010001111010011100110010110111000100110100000100101110111110000010011101011110110101100010111001111101011100010010011011
10010000110001000000111001110011000010000101111100111100000111110111011100100100111110001111000000010011111010010001111011101011
01010000011110110000001010111101011000011101010010011001000101101011001101000000011010111100000011101110101000110000110010111110
10010000010110011001111010000110110011010011010111010001111010111010111001111001100000010111000010100000010100100010000101010000
01011001100011011110111001010000101010110011100111101100000110101000101100000100000110001100000011101011100101101000011010000001
01111010111001101001000001010101111100111001110100110110010011100000001010000100001100111000001001011000101010110010011011100110
01010011011111101010110011110110101010000101010111111001111111110011110010000111110111100001110000110010101101001011011001010110
10101011010000111101110001100000011100001010110010110111101101110001110011010111011001101101011000101110101010001110111011011101
11011000001101001010000000000000001110000011101011111111111110110100001110111110101001101110011001101101111000100111000001000100
10000011110111010110101011110010111000000000010101010101111110101100011001001101000001001101001000101000001101111111110001011000
10011101000001110101000011010001000011101001010010110011000000101001001011010101010110001000001000001011010011101000010010101001
00100011110001101100001100111111011000111111000100010010001111100011001000010110111101100001011100010011110110100010011110010100
00100011110110011100101110000010110100010111011101110000110101010011101000001111011111001011011110110011001000111011001100010011
11011001111110111011101111011111111010101001100001110010110000000001000100111100001011010011001101100000011110011011010101000000
11101110101010001010000100001100110111100110100100110010010011011111011011110100101001000101111010101100011001101010100101000011
00101001001011100100010101010011100101010101100011000000011111001001010001010010000001001100110111111111111010011000001100101010
00000011101101001110010000010001011000011001000100011100011010111101110101001111011110101011010011011111110100101000001011101001
10100001000101101000100101000101101001010101001110000010100010111010000010010100000101100011010100011011101100001100100001110000
10010100101111100010011011011000011100111001000000100101110000010000001111011110101001010011111010001001110100100001100000110101
10010100010000111110110101111011111111101001100101000000010110101000100111101001000011111001101101101011010010011110000001111111
00101110111100101110010010101110100010010000101010000000011010101011000011001101011100110101100011111100001111101111111011110110
11011101111010111000100011101100001000001111100101010101101111011010011000001110000011011111000011100000000011011011100101010100
11101010000110101100000111101111101001110100100010111111000011101000011100110100001010111010000001000101101000010100101101001101
11100011000011010111011010000110010001000000011100100001101100110011100110001110100010111001011010101011010100011010101111010110
01010011111101100100010111000010111110111110101101110011011010010100000011001010001001110101110101010010101001011100100111101101
01111001000111011100101011000101110000001010110111111011100100010000101110000001101001000011001111010011111001100011001011010110
10110010000010111100110000110100111001101001100001011010101001010100111010000000001101001101110101100000011100000101010101011001
00110100100110100110000101101110001010101100100111100111000010001001001111111101111001101011110100001000110011100001100000000010
10110001111101001110000001111000101010011100110010010011011011101011001110001111111011100000110101001010100111111110000101010011
